$ 1 0.000005 7.010541234668786 50 5 50
v 128 112 128 432 0 1 50 20 0 0 0.5
d 320 144 416 240 2 default
d 224 240 320 144 2 default
d 224 240 320 336 2 default
d 320 336 416 240 2 default
w 416 240 512 240 0
w 512 384 224 384 0
w 224 240 224 384 0
w 128 112 320 112 0
w 320 144 320 112 0
w 128 432 320 432 0
w 320 432 320 336 0
r 512 240 672 240 0 20
w 736 384 672 384 0
209 672 240 672 384 0 0.00009999999999999999 16.172462144348415 1
w 736 240 672 240 0
r 736 240 736 384 0 430
w 512 384 672 384 0
209 512 240 512 384 0 0.00009999999999999999 16.554054287151086 1
o 0 64 0 4099 40 1.6 0 2 0 3
o 16 64 0 4099 20 0.05 1 2 16 3
