$ 1 0.000005 7.010541234668786 50 5 50
v 128 112 128 432 0 1 50 20 0 0 0.5
d 320 144 416 240 2 default
d 224 240 320 144 2 default
d 224 240 320 336 2 default
d 320 336 416 240 2 default
w 416 240 512 240 0
w 512 384 224 384 0
w 224 240 224 384 0
w 128 112 320 112 0
w 320 144 320 112 0
w 128 432 320 432 0
w 320 432 320 336 0
w 320 800 320 704 0
w 128 800 320 800 0
w 320 512 320 480 0
w 128 480 320 480 0
w 224 608 224 752 0
w 512 752 224 752 0
w 416 608 512 608 0
d 320 704 416 608 2 default
d 224 608 320 704 2 default
d 224 608 320 512 2 default
d 320 512 416 608 2 default
w 512 752 672 752 0
r 736 608 736 752 0 430
v 128 480 128 800 0 1 50 20 0 0 0.5
l 512 608 672 608 0 0.000001 0.020707220659371306
r 512 240 672 240 0 20
w 736 608 672 608 0
209 512 608 512 752 0 0.00009999999999999999 17.808354577115924 1
209 672 608 672 752 0 0.00009999999999999999 17.808354817862792 1
w 736 752 672 752 0
w 736 384 672 384 0
209 672 240 672 384 0 0.00009999999999999999 16.738646601071103 1
w 736 240 672 240 0
r 736 240 736 384 0 430
w 512 384 672 384 0
209 512 240 512 384 0 0.00009999999999999999 17.157056563189858 1
o 0 64 0 4099 40 102.4 0 2 0 3
o 35 64 0 4099 20 0.05 1 2 35 3
o 25 64 0 4099 40 51.2 2 2 25 3
o 24 64 0 4099 40 0.1 3 2 24 3
